[homepage.jpg]
filters=crop64=1,3ef16abffffd0aa;finetune2=1,0.321637,0.014035,0.084211,00000000,0.695906;finetune2=1,0.023392,0.000000,0.171228,00000000,0.719298;
crop=rect64(3ef16abffffd0aa)
moddate=157b8a8d09b4d401
width=1366
height=768
textactive=0
[homepage2.jpg]
filters=Boost=1,21.637426;Soften=1,9.356726,81.286552;
moddate=2ef400c2ebb3d401
width=900
height=600
textactive=0
[tea2.jpg]
filters=crop64=1,55bb0000bbffe3ca;
crop=rect64(55bb0000bbffe3ca)
moddate=7fad94ecefb3d401
width=1920
height=1080
textactive=0
